 ---------------------------------------------------------------
 Surface and Strip Forces by surface

  Forces referred to Sref, Cref, Bref about Xref, Yref, Zref
 Standard axis orientation,  X fwd, Z down         

  Surface # 1     Horizontal Tail                         
     # Chordwise = 10   # Spanwise = 20     First strip =  1
     Surface area =  240.000000       Ave. chord =    7.384616
     CLsurf  =  -0.04379     Clsurf  =   0.00599
     CYsurf  =   0.00000     Cmsurf  =   0.06665
     CDsurf  =  -0.00851     Cnsurf  =  -0.00018
     CDisurf =  -0.00851     CDvsurf =   0.00000

  Forces referred to Ssurf, Cave about hinge axis thru LE
     CLsurf  =  -0.41964     CDsurf  =  -0.08160
     Deflect =

 Strip Forces referred to Strip Area, Chord
    j      Yle    Chord     Area     c cl      ai      cl_norm  cl       cd       cdv    cm_c/4    cm_LE  C.P.x/c
     1   0.8131   7.3846  12.0000  -3.7810   0.1473  -0.5023  -0.5023  -0.1013   0.0000  -0.0064   0.1216    0.237
     2   2.9343   7.3846  19.2920  -3.7754   0.1474  -0.5016  -0.5016  -0.1011   0.0000  -0.0064   0.1215    0.237
     3   5.5326   7.3846  19.0534  -3.7577   0.1475  -0.4993  -0.4993  -0.1005   0.0000  -0.0064   0.1208    0.237
     4   8.0906   7.3846  18.6973  -3.7275   0.1477  -0.4953  -0.4953  -0.0994   0.0000  -0.0064   0.1198    0.237
     5  10.5925   7.3846  18.2259  -3.6835   0.1481  -0.4895  -0.4895  -0.0978   0.0000  -0.0065   0.1182    0.237
     6  13.0230   7.3846  17.6422  -3.6241   0.1486  -0.4817  -0.4817  -0.0957   0.0000  -0.0065   0.1162    0.236
     7  15.3669   7.3846  16.9497  -3.5475   0.1494  -0.4717  -0.4717  -0.0930   0.0000  -0.0066   0.1135    0.236
     8  17.6100   7.3846  16.1527  -3.4509   0.1507  -0.4589  -0.4589  -0.0896   0.0000  -0.0067   0.1101    0.235
     9  19.7383   7.3846  15.2561  -3.3254   0.1543  -0.4424  -0.4424  -0.0854   0.0000  -0.0071   0.1055    0.234
    10  21.7386   7.3846  14.2655  -3.1481   0.1697  -0.4190  -0.4190  -0.0797   0.0000  -0.0076   0.0990    0.232
    11  23.5988   7.3846  13.1869  -2.9037   0.0207  -0.3867  -0.3867  -0.0721   0.0000  -0.0081   0.0902    0.229
    12  25.3073   7.3846  12.0269  -2.6524   0.1156  -0.3534  -0.3534  -0.0646   0.0000  -0.0088   0.0809    0.225
    13  26.8536   7.3846  10.7929  -2.4187   0.1232  -0.3224  -0.3224  -0.0580   0.0000  -0.0099   0.0720    0.219
    14  28.2282   7.3846   9.4923  -2.1763   0.1217  -0.2902  -0.2902  -0.0514   0.0000  -0.0109   0.0628    0.213
    15  29.4225   7.3846   8.1332  -1.9092   0.1179  -0.2547  -0.2547  -0.0443   0.0000  -0.0117   0.0530    0.204
    16  30.4292   7.3846   6.7239  -1.6125   0.1139  -0.2153  -0.2153  -0.0368   0.0000  -0.0120   0.0426    0.194
    17  31.2421   7.3846   5.2732  -1.2873   0.1104  -0.1719  -0.1719  -0.0287   0.0000  -0.0115   0.0321    0.183
    18  31.8562   7.3846   3.7900  -0.9379   0.1075  -0.1254  -0.1254  -0.0204   0.0000  -0.0098   0.0220    0.172
    19  32.2678   7.3846   2.2833  -0.5703   0.1056  -0.0763  -0.0763  -0.0120   0.0000  -0.0067   0.0126    0.162
    20  32.4742   7.3846   0.7627  -0.1914   0.1045  -0.0256  -0.0256  -0.0039   0.0000  -0.0024   0.0041    0.156

  Surface # 2     Horizontal Tail (YDUP)                  
     # Chordwise = 10   # Spanwise = 20     First strip = 21
     Surface area =  240.000000       Ave. chord =    7.384616
     CLsurf  =  -0.04379     Clsurf  =  -0.00599
     CYsurf  =   0.00000     Cmsurf  =   0.06665
     CDsurf  =  -0.00851     Cnsurf  =   0.00018
     CDisurf =  -0.00851     CDvsurf =   0.00000

  Forces referred to Ssurf, Cave about hinge axis thru LE
     CLsurf  =  -0.41964     CDsurf  =  -0.08160
     Deflect =

 Strip Forces referred to Strip Area, Chord
    j      Yle    Chord     Area     c cl      ai      cl_norm  cl       cd       cdv    cm_c/4    cm_LE  C.P.x/c
    21  -0.8131   7.3846  12.0000  -3.7810   0.1473  -0.5023  -0.5023  -0.1013   0.0000  -0.0064  -0.1216    0.237
    22  -2.9343   7.3846  19.2920  -3.7754   0.1474  -0.5016  -0.5016  -0.1011   0.0000  -0.0064  -0.1215    0.237
    23  -5.5326   7.3846  19.0534  -3.7577   0.1475  -0.4993  -0.4993  -0.1005   0.0000  -0.0064  -0.1208    0.237
    24  -8.0906   7.3846  18.6973  -3.7275   0.1477  -0.4953  -0.4953  -0.0994   0.0000  -0.0064  -0.1198    0.237
    25 -10.5925   7.3846  18.2259  -3.6835   0.1481  -0.4895  -0.4895  -0.0978   0.0000  -0.0065  -0.1182    0.237
    26 -13.0230   7.3846  17.6422  -3.6241   0.1486  -0.4817  -0.4817  -0.0957   0.0000  -0.0065  -0.1162    0.236
    27 -15.3669   7.3846  16.9497  -3.5475   0.1494  -0.4717  -0.4717  -0.0930   0.0000  -0.0066  -0.1135    0.236
    28 -17.6100   7.3846  16.1527  -3.4509   0.1507  -0.4589  -0.4589  -0.0896   0.0000  -0.0067  -0.1101    0.235
    29 -19.7383   7.3846  15.2561  -3.3254   0.1543  -0.4424  -0.4424  -0.0854   0.0000  -0.0071  -0.1055    0.234
    30 -21.7386   7.3846  14.2655  -3.1481   0.1697  -0.4190  -0.4190  -0.0797   0.0000  -0.0076  -0.0990    0.232
    31 -23.5988   7.3846  13.1869  -2.9037   0.0207  -0.3867  -0.3867  -0.0721   0.0000  -0.0081  -0.0902    0.229
    32 -25.3073   7.3846  12.0269  -2.6524   0.1156  -0.3534  -0.3534  -0.0646   0.0000  -0.0088  -0.0809    0.225
    33 -26.8536   7.3846  10.7929  -2.4186   0.1232  -0.3224  -0.3224  -0.0580   0.0000  -0.0099  -0.0720    0.219
    34 -28.2282   7.3846   9.4923  -2.1762   0.1217  -0.2902  -0.2902  -0.0514   0.0000  -0.0109  -0.0628    0.213
    35 -29.4225   7.3846   8.1332  -1.9091   0.1179  -0.2547  -0.2547  -0.0443   0.0000  -0.0117  -0.0529    0.204
    36 -30.4292   7.3846   6.7239  -1.6124   0.1139  -0.2152  -0.2152  -0.0368   0.0000  -0.0120  -0.0426    0.194
    37 -31.2421   7.3846   5.2732  -1.2872   0.1104  -0.1719  -0.1719  -0.0287   0.0000  -0.0115  -0.0321    0.183
    38 -31.8562   7.3846   3.7900  -0.9379   0.1075  -0.1254  -0.1254  -0.0204   0.0000  -0.0098  -0.0220    0.172
    39 -32.2678   7.3846   2.2833  -0.5703   0.1056  -0.0763  -0.0763  -0.0120   0.0000  -0.0067  -0.0126    0.162
    40 -32.4742   7.3846   0.7627  -0.1914   0.1045  -0.0256  -0.0256  -0.0039   0.0000  -0.0024  -0.0041    0.156

  Surface # 3     ACMainWing                              
     # Chordwise = 10   # Spanwise = 20     First strip = 41
     Surface area = 1150.557495       Ave. chord =   21.689728
     CLsurf  =   0.82580     Clsurf  =  -0.17943
     CYsurf  =  -0.02528     Cmsurf  =  -0.06112
     CDsurf  =   0.09160     Cnsurf  =  -0.00609
     CDisurf =   0.09160     CDvsurf =   0.00000

  Forces referred to Ssurf, Cave about hinge axis thru LE
     CLsurf  =   1.65156     CDsurf  =   0.18311
     Deflect =

 Strip Forces referred to Strip Area, Chord
    j      Yle    Chord     Area     c cl      ai      cl_norm  cl       cd       cdv    cm_c/4    cm_LE  C.P.x/c
    41   2.0625  24.7625 102.0655  44.4893   0.1743   1.7902   1.7902   0.1823   0.0000  -0.3570  -0.8062    0.449
    42   6.1747  24.7625 101.4362  44.3355   0.1760   1.7838   1.7838   0.1829   0.0000  -0.3566  -0.8042    0.450
    43  10.2489  24.7625 100.1816  44.0246   0.1798   1.7709   1.7709   0.1840   0.0000  -0.3556  -0.8001    0.451
    44  14.2599  24.7625  98.3092  43.5491   0.1857   1.7512   1.7512   0.1856   0.0000  -0.3539  -0.7936    0.452
    45  18.1830  24.7625  95.8308  42.8951   0.1941   1.7242   1.7242   0.1874   0.0000  -0.3512  -0.7843    0.454
    46  21.9939  24.7625  92.7616  42.0340   0.2086   1.6888   1.6888   0.1887   0.0000  -0.3465  -0.7709    0.455
    47  25.9933  23.9431 101.6798  40.3613   0.2353   1.6775   1.6774   0.1848   0.0000  -0.3450  -0.7638    0.456
    48  29.8433  22.4714  77.9010  38.1357   0.2127   1.6887   1.6886   0.1870   0.0000  -0.3459  -0.7675    0.455
    49  33.2110  21.1841  69.3617  35.7806   0.2101   1.6809   1.6808   0.1849   0.0000  -0.3448  -0.7643    0.456
    50  36.3764  19.9740  61.1531  33.4188   0.2111   1.6649   1.6647   0.1842   0.0000  -0.3428  -0.7584    0.456
    51  39.3199  18.8488  53.3449  30.9400   0.2130   1.6326   1.6324   0.1859   0.0000  -0.3394  -0.7471    0.458
    52  42.0234  17.8154  45.9851  28.4143   0.2174   1.5856   1.5854   0.1852   0.0000  -0.3343  -0.7305    0.461
    53  44.4702  16.8800  39.1001  25.7524   0.2255   1.5152   1.5150   0.1867   0.0000  -0.3265  -0.7053    0.466
    54  46.6452  16.0486  32.6946  22.9440   0.2375   1.4185   1.4184   0.1836   0.0000  -0.3143  -0.6693    0.472
    55  48.5350  15.3262  26.7523  19.9306   0.2522   1.2883   1.2882   0.1796   0.0000  -0.2958  -0.6186    0.480
    56  50.1280  14.7172  21.2381  16.6096   0.2657   1.1161   1.1160   0.1685   0.0000  -0.2679  -0.5480    0.491
    57  51.4144  14.2255  16.0993  12.9190   0.2716   0.8961   0.8960   0.1480   0.0000  -0.2268  -0.4522    0.504
    58  52.2628  13.9011   8.1823   9.1469   0.2640   0.6475   0.6474   0.1185   0.0000  -0.1728  -0.3360    0.517
    59  52.7341  13.7210   4.8658   5.5855   0.1758   0.3993   0.3993   0.0814   0.0000  -0.1117  -0.2127    0.530
    60  52.9704  13.6307   1.6146   1.8885  -1.8210   0.1351   0.1351   0.0328   0.0000  -0.0391  -0.0735    0.540

  Surface # 4     ACMainWing (YDUP)                       
     # Chordwise = 10   # Spanwise = 20     First strip = 61
     Surface area = 1150.557495       Ave. chord =   21.689728
     CLsurf  =   0.82580     Clsurf  =   0.17943
     CYsurf  =   0.02528     Cmsurf  =  -0.06112
     CDsurf  =   0.09160     Cnsurf  =   0.00609
     CDisurf =   0.09160     CDvsurf =   0.00000

  Forces referred to Ssurf, Cave about hinge axis thru LE
     CLsurf  =   1.65156     CDsurf  =   0.18311
     Deflect =

 Strip Forces referred to Strip Area, Chord
    j      Yle    Chord     Area     c cl      ai      cl_norm  cl       cd       cdv    cm_c/4    cm_LE  C.P.x/c
    61  -2.0625  24.7625 102.0655  44.4894   0.1743   1.7902   1.7902   0.1823   0.0000  -0.3570   0.8062    0.449
    62  -6.1747  24.7625 101.4362  44.3356   0.1761   1.7838   1.7838   0.1829   0.0000  -0.3566   0.8042    0.450
    63 -10.2489  24.7625 100.1816  44.0246   0.1798   1.7709   1.7709   0.1840   0.0000  -0.3556   0.8001    0.451
    64 -14.2599  24.7625  98.3092  43.5490   0.1857   1.7512   1.7512   0.1856   0.0000  -0.3539   0.7936    0.452
    65 -18.1830  24.7625  95.8308  42.8950   0.1941   1.7242   1.7242   0.1874   0.0000  -0.3512   0.7843    0.454
    66 -21.9939  24.7625  92.7616  42.0339   0.2086   1.6888   1.6888   0.1887   0.0000  -0.3465   0.7709    0.455
    67 -25.9933  23.9431 101.6798  40.3612   0.2353   1.6775   1.6774   0.1848   0.0000  -0.3450   0.7638    0.456
    68 -29.8433  22.4714  77.9010  38.1356   0.2127   1.6887   1.6886   0.1870   0.0000  -0.3459   0.7675    0.455
    69 -33.2110  21.1841  69.3617  35.7804   0.2101   1.6809   1.6807   0.1849   0.0000  -0.3448   0.7643    0.456
    70 -36.3764  19.9740  61.1531  33.4186   0.2111   1.6649   1.6647   0.1842   0.0000  -0.3428   0.7584    0.456
    71 -39.3199  18.8488  53.3449  30.9398   0.2130   1.6326   1.6324   0.1859   0.0000  -0.3394   0.7471    0.458
    72 -42.0234  17.8154  45.9851  28.4141   0.2174   1.5856   1.5854   0.1852   0.0000  -0.3343   0.7305    0.461
    73 -44.4702  16.8800  39.1001  25.7522   0.2254   1.5151   1.5150   0.1867   0.0000  -0.3265   0.7053    0.466
    74 -46.6452  16.0486  32.6946  22.9439   0.2375   1.4185   1.4184   0.1836   0.0000  -0.3143   0.6693    0.472
    75 -48.5350  15.3262  26.7523  19.9304   0.2522   1.2883   1.2882   0.1796   0.0000  -0.2958   0.6186    0.480
    76 -50.1280  14.7172  21.2381  16.6095   0.2656   1.1160   1.1159   0.1685   0.0000  -0.2679   0.5480    0.491
    77 -51.4144  14.2255  16.0993  12.9189   0.2716   0.8961   0.8960   0.1480   0.0000  -0.2268   0.4522    0.504
    78 -52.2628  13.9011   8.1823   9.1469   0.2640   0.6475   0.6474   0.1185   0.0000  -0.1728   0.3360    0.517
    79 -52.7341  13.7210   4.8658   5.5854   0.1758   0.3993   0.3993   0.0814   0.0000  -0.1117   0.2127    0.530
    80 -52.9704  13.6307   1.6146   1.8885  -1.8210   0.1351   0.1351   0.0328   0.0000  -0.0391   0.0735    0.540

  Surface # 5     Winglet                                 
     # Chordwise = 10   # Spanwise = 20     First strip = 81
     Surface area =  110.221672       Ave. chord =   11.602283
     CLsurf  =   0.00001     Clsurf  =  -0.00068
     CYsurf  =  -0.00870     Cmsurf  =  -0.00005
     CDsurf  =  -0.00011     Cnsurf  =  -0.00023
     CDisurf =  -0.00011     CDvsurf =   0.00000

  Forces referred to Ssurf, Cave about hinge axis thru LE
     CLsurf  =   0.18163     CDsurf  =  -0.00228
     Deflect =

 Strip Forces referred to Strip Area, Chord
    j      Yle    Chord     Area     c cl      ai      cl_norm  cl       cd       cdv    cm_c/4    cm_LE  C.P.x/c
    81  53.0000  13.4463   9.7299   0.9419  -1.5630   0.0702   0.0700  -0.0004   0.0000  -0.0100  -0.0275
    82  53.0000  13.1013   9.4218   1.6007  -0.7862   0.1224   0.1222  -0.0008   0.0000  -0.0185  -0.0490
    83  53.0000  12.7595   9.0625   2.1125  -0.5273   0.1658   0.1656  -0.0013   0.0000  -0.0253  -0.0667
    84  53.0000  12.4230   8.6586   2.4757  -0.3930   0.1996   0.1993  -0.0019   0.0000  -0.0303  -0.0801
    85  53.0000  12.1258   8.5968   2.6610  -0.3121   0.2204   0.2194  -0.0024   0.0000  -0.0307  -0.0855
    86  53.0000  11.8684   8.1448   2.7737  -0.2606   0.2347   0.2337  -0.0030   0.0000  -0.0318  -0.0902
    87  53.0000  11.6202   7.6614   2.7920  -0.2271   0.2413   0.2403  -0.0034   0.0000  -0.0317  -0.0918
    88  53.0000  11.3827   7.1519   2.7384  -0.2043   0.2416   0.2406  -0.0035   0.0000  -0.0308  -0.0909
    89  53.0000  11.1573   6.6212   2.6314  -0.1879   0.2369   0.2358  -0.0036   0.0000  -0.0292  -0.0882
    90  53.0000  10.9455   6.0737   2.4847  -0.1756   0.2280   0.2270  -0.0036   0.0000  -0.0273  -0.0841
    91  53.0000  10.7485   5.5135   2.3085  -0.1661   0.2157   0.2148  -0.0034   0.0000  -0.0251  -0.0788
    92  53.0000  10.5676   4.9438   2.1101  -0.1583   0.2005   0.1997  -0.0031   0.0000  -0.0227  -0.0727
    93  53.0000  10.4039   4.3678   1.8947  -0.1519   0.1829   0.1821  -0.0028   0.0000  -0.0202  -0.0658
    94  53.0000  10.2583   3.7878   1.6661  -0.1465   0.1631   0.1624  -0.0024   0.0000  -0.0177  -0.0583
    95  53.0000  10.1318   3.2054   1.4269  -0.1418   0.1414   0.1408  -0.0020   0.0000  -0.0150  -0.0502
    96  53.0000  10.0252   2.6221   1.1793  -0.1379   0.1181   0.1176  -0.0016   0.0000  -0.0123  -0.0417
    97  53.0000   9.9391   2.0387   0.9248  -0.1345   0.0934   0.0930  -0.0011   0.0000  -0.0096  -0.0329
    98  53.0000   9.8741   1.4557   0.6648  -0.1317   0.0676   0.0673  -0.0007   0.0000  -0.0069  -0.0237
    99  53.0000   9.8305   0.8731   0.4007  -0.1297   0.0409   0.0408  -0.0003   0.0000  -0.0041  -0.0143
   100  53.0000   9.8087   0.2910   0.1339  -0.1286   0.0137   0.0136   0.0000   0.0000  -0.0014  -0.0048

  Surface # 6     Winglet (YDUP)                          
     # Chordwise = 10   # Spanwise = 20     First strip =101
     Surface area =  110.221672       Ave. chord =   11.602283
     CLsurf  =   0.00001     Clsurf  =   0.00068
     CYsurf  =   0.00870     Cmsurf  =  -0.00005
     CDsurf  =  -0.00011     Cnsurf  =   0.00023
     CDisurf =  -0.00011     CDvsurf =   0.00000

  Forces referred to Ssurf, Cave about hinge axis thru LE
     CLsurf  =   0.18163     CDsurf  =  -0.00228
     Deflect =

 Strip Forces referred to Strip Area, Chord
    j      Yle    Chord     Area     c cl      ai      cl_norm  cl       cd       cdv    cm_c/4    cm_LE  C.P.x/c
   101 -53.0000  13.4463   9.7299   0.9419  -1.5630   0.0702   0.0700  -0.0004   0.0000  -0.0100   0.0275
   102 -53.0000  13.1013   9.4218   1.6007  -0.7862   0.1224   0.1222  -0.0008   0.0000  -0.0185   0.0490
   103 -53.0000  12.7595   9.0625   2.1125  -0.5273   0.1658   0.1656  -0.0013   0.0000  -0.0253   0.0667
   104 -53.0000  12.4230   8.6586   2.4757  -0.3930   0.1996   0.1993  -0.0019   0.0000  -0.0303   0.0801
   105 -53.0000  12.1258   8.5968   2.6610  -0.3121   0.2204   0.2194  -0.0024   0.0000  -0.0307   0.0855
   106 -53.0000  11.8684   8.1448   2.7737  -0.2605   0.2347   0.2337  -0.0030   0.0000  -0.0318   0.0902
   107 -53.0000  11.6202   7.6614   2.7920  -0.2271   0.2413   0.2403  -0.0034   0.0000  -0.0317   0.0918
   108 -53.0000  11.3827   7.1519   2.7384  -0.2042   0.2416   0.2406  -0.0035   0.0000  -0.0308   0.0909
   109 -53.0000  11.1573   6.6212   2.6314  -0.1879   0.2369   0.2358  -0.0036   0.0000  -0.0292   0.0882
   110 -53.0000  10.9455   6.0737   2.4848  -0.1756   0.2280   0.2270  -0.0036   0.0000  -0.0273   0.0841
   111 -53.0000  10.7485   5.5135   2.3086  -0.1661   0.2157   0.2148  -0.0034   0.0000  -0.0251   0.0788
   112 -53.0000  10.5676   4.9438   2.1101  -0.1583   0.2005   0.1997  -0.0031   0.0000  -0.0227   0.0727
   113 -53.0000  10.4039   4.3678   1.8947  -0.1519   0.1829   0.1821  -0.0028   0.0000  -0.0202   0.0658
   114 -53.0000  10.2583   3.7878   1.6661  -0.1465   0.1631   0.1624  -0.0024   0.0000  -0.0177   0.0583
   115 -53.0000  10.1318   3.2054   1.4269  -0.1418   0.1414   0.1408  -0.0020   0.0000  -0.0150   0.0502
   116 -53.0000  10.0252   2.6221   1.1793  -0.1379   0.1181   0.1176  -0.0016   0.0000  -0.0123   0.0417
   117 -53.0000   9.9391   2.0387   0.9248  -0.1345   0.0934   0.0930  -0.0011   0.0000  -0.0096   0.0329
   118 -53.0000   9.8741   1.4557   0.6648  -0.1317   0.0676   0.0673  -0.0007   0.0000  -0.0069   0.0237
   119 -53.0000   9.8305   0.8731   0.4007  -0.1297   0.0409   0.0408  -0.0003   0.0000  -0.0041   0.0143
   120 -53.0000   9.8087   0.2910   0.1339  -0.1286   0.0137   0.0136   0.0000   0.0000  -0.0014   0.0048

  Surface # 7     Vertical Tail                           
     # Chordwise = 10   # Spanwise = 20     First strip =121
     Surface area =  125.000008       Ave. chord =   12.500002
     CLsurf  =   0.00000     Clsurf  =   0.00000
     CYsurf  =   0.00000     Cmsurf  =   0.00000
     CDsurf  =   0.00000     Cnsurf  =   0.00000
     CDisurf =   0.00000     CDvsurf =   0.00000

  Forces referred to Ssurf, Cave about hinge axis thru LE
     CLsurf  =   0.00000     CDsurf  =   0.00000
     Deflect =

 Strip Forces referred to Strip Area, Chord
    j      Yle    Chord     Area     c cl      ai      cl_norm  cl       cd       cdv    cm_c/4    cm_LE  C.P.x/c
   121   0.0000  12.5000   9.8074   0.0000   0.0000   0.0000   0.0000   0.0000   0.0000   0.0000   0.0000
   122   0.0000  12.5000   9.7469   0.0000   0.0000   0.0000   0.0000   0.0000   0.0000   0.0000   0.0000
   123   0.0000  12.5000   9.6264   0.0000   0.0000   0.0000   0.0000   0.0000   0.0000   0.0000   0.0000
   124   0.0000  12.5000   9.4465   0.0000   0.0000   0.0000   0.0000   0.0000   0.0000   0.0000   0.0000
   125   0.0000  12.5000   9.2083   0.0000   0.0000   0.0000   0.0000   0.0000   0.0000   0.0000   0.0000
   126   0.0000  12.5000   8.9134   0.0000   0.0000   0.0000   0.0000   0.0000   0.0000   0.0000   0.0000
   127   0.0000  12.5000   8.5635   0.0000   0.0000   0.0000   0.0000   0.0000   0.0000   0.0000   0.0000
   128   0.0000  12.5000   8.1608   0.0000   0.0000   0.0000   0.0000   0.0000   0.0000   0.0000   0.0000
   129   0.0000  12.5000   7.7078   0.0000   0.0000   0.0000   0.0000   0.0000   0.0000   0.0000   0.0000
   130   0.0000  12.5000   7.2073   0.0000   0.0000   0.0000   0.0000   0.0000   0.0000   0.0000   0.0000
   131   0.0000  12.5000   6.6624   0.0000   0.0000   0.0000   0.0000   0.0000   0.0000   0.0000   0.0000
   132   0.0000  12.5000   6.0764   0.0000   0.0000   0.0000   0.0000   0.0000   0.0000   0.0000   0.0000
   133   0.0000  12.5000   5.4529   0.0000   0.0000   0.0000   0.0000   0.0000   0.0000   0.0000   0.0000
   134   0.0000  12.5000   4.7958   0.0000   0.0000   0.0000   0.0000   0.0000   0.0000   0.0000   0.0000
   135   0.0000  12.5000   4.1091   0.0000   0.0000   0.0000   0.0000   0.0000   0.0000   0.0000   0.0000
   136   0.0000  12.5000   3.3971   0.0000   0.0000   0.0000   0.0000   0.0000   0.0000   0.0000   0.0000
   137   0.0000  12.5000   2.6642   0.0000   0.0000   0.0000   0.0000   0.0000   0.0000   0.0000   0.0000
   138   0.0000  12.5000   1.9148   0.0000   0.0000   0.0000   0.0000   0.0000   0.0000   0.0000   0.0000
   139   0.0000  12.5000   1.1536   0.0000   0.0000   0.0000   0.0000   0.0000   0.0000   0.0000   0.0000
   140   0.0000  12.5000   0.3853   0.0000   0.0000   0.0000   0.0000   0.0000   0.0000   0.0000   0.0000

  Surface # 8     Vertical Tail 2                         
     # Chordwise = 10   # Spanwise = 20     First strip =141
     Surface area =  150.000015       Ave. chord =   12.500001
     CLsurf  =   0.00001     Clsurf  =  -0.00016
     CYsurf  =  -0.00293     Cmsurf  =  -0.00001
     CDsurf  =  -0.00003     Cnsurf  =   0.00093
     CDisurf =  -0.00003     CDvsurf =   0.00000

  Forces referred to Ssurf, Cave about hinge axis thru LE
     CLsurf  =   0.04493     CDsurf  =  -0.00049
     Deflect =

 Strip Forces referred to Strip Area, Chord
    j      Yle    Chord     Area     c cl      ai      cl_norm  cl       cd       cdv    cm_c/4    cm_LE  C.P.x/c
   141  23.4000  12.5000  11.7689   0.1048   0.0842   0.0086   0.0084   0.0000   0.0000  -0.0021  -0.0042
   142  23.4000  12.5000  11.6963   0.2048   0.1038   0.0168   0.0164   0.0000   0.0000  -0.0024  -0.0065
   143  23.4000  12.5000  11.5516   0.3051   0.1518   0.0250   0.0244   0.0000   0.0000  -0.0023  -0.0084
   144  23.4000  12.5000  11.3357   0.4040  -0.1418   0.0331   0.0323  -0.0001   0.0000  -0.0021  -0.0102
   145  23.4000  12.5000  11.0500   0.5018  -0.1307   0.0412   0.0401  -0.0001   0.0000  -0.0017  -0.0117
   146  23.4000  12.5000  10.6961   0.5979  -0.1038   0.0490   0.0478  -0.0003   0.0000  -0.0011  -0.0131
   147  23.4000  12.5000  10.2762   0.6887  -0.0920   0.0565   0.0551  -0.0004   0.0000  -0.0004  -0.0142
   148  23.4000  12.5000   9.7930   0.7683  -0.0839   0.0630   0.0615  -0.0006   0.0000   0.0004  -0.0150
   149  23.4000  12.5000   9.2494   0.8301  -0.0771   0.0681   0.0664  -0.0008   0.0000   0.0012  -0.0154
   150  23.4000  12.5000   8.6488   0.8687  -0.0713   0.0712   0.0695  -0.0010   0.0000   0.0020  -0.0154
   151  23.4000  12.5000   7.9949   0.8803  -0.0665   0.0722   0.0704  -0.0011   0.0000   0.0027  -0.0149
   152  23.4000  12.5000   7.2916   0.8633  -0.0629   0.0708   0.0691  -0.0012   0.0000   0.0032  -0.0141
   153  23.4000  12.5000   6.5435   0.8178  -0.0608   0.0671   0.0654  -0.0011   0.0000   0.0035  -0.0128
   154  23.4000  12.5000   5.7550   0.7462  -0.0602   0.0612   0.0597  -0.0011   0.0000   0.0037  -0.0113
   155  23.4000  12.5000   4.9309   0.6531  -0.0604   0.0536   0.0523  -0.0010   0.0000   0.0036  -0.0095
   156  23.4000  12.5000   4.0766   0.5448  -0.0598   0.0447   0.0436  -0.0008   0.0000   0.0033  -0.0076
   157  23.4000  12.5000   3.1970   0.4277  -0.0562   0.0351   0.0342  -0.0006   0.0000   0.0028  -0.0058
   158  23.4000  12.5000   2.2978   0.3067  -0.0494   0.0251   0.0245  -0.0004   0.0000   0.0021  -0.0040
   159  23.4000  12.5000   1.3843   0.1842  -0.0426   0.0151   0.0147  -0.0002   0.0000   0.0013  -0.0023
   160  23.4000  12.5000   0.4624   0.0614  -0.0388   0.0050   0.0049  -0.0001   0.0000   0.0005  -0.0008

  Surface # 9     Vertical Tail 2 (YDUP)                  
     # Chordwise = 10   # Spanwise = 20     First strip =161
     Surface area =  150.000015       Ave. chord =   12.500001
     CLsurf  =   0.00001     Clsurf  =   0.00016
     CYsurf  =   0.00293     Cmsurf  =  -0.00001
     CDsurf  =  -0.00003     Cnsurf  =  -0.00093
     CDisurf =  -0.00003     CDvsurf =   0.00000

  Forces referred to Ssurf, Cave about hinge axis thru LE
     CLsurf  =   0.04493     CDsurf  =  -0.00049
     Deflect =

 Strip Forces referred to Strip Area, Chord
    j      Yle    Chord     Area     c cl      ai      cl_norm  cl       cd       cdv    cm_c/4    cm_LE  C.P.x/c
   161 -23.4000  12.5000  11.7689   0.1048   0.0842   0.0086   0.0084   0.0000   0.0000  -0.0021   0.0042
   162 -23.4000  12.5000  11.6963   0.2048   0.1038   0.0168   0.0164   0.0000   0.0000  -0.0024   0.0065
   163 -23.4000  12.5000  11.5516   0.3051   0.1518   0.0250   0.0244   0.0000   0.0000  -0.0023   0.0084
   164 -23.4000  12.5000  11.3357   0.4040  -0.1418   0.0331   0.0323  -0.0001   0.0000  -0.0021   0.0102
   165 -23.4000  12.5000  11.0500   0.5018  -0.1307   0.0412   0.0401  -0.0001   0.0000  -0.0017   0.0117
   166 -23.4000  12.5000  10.6961   0.5979  -0.1038   0.0490   0.0478  -0.0003   0.0000  -0.0011   0.0131
   167 -23.4000  12.5000  10.2762   0.6888  -0.0920   0.0565   0.0551  -0.0004   0.0000  -0.0004   0.0142
   168 -23.4000  12.5000   9.7930   0.7683  -0.0839   0.0630   0.0615  -0.0006   0.0000   0.0004   0.0150
   169 -23.4000  12.5000   9.2494   0.8301  -0.0771   0.0681   0.0664  -0.0008   0.0000   0.0012   0.0154
   170 -23.4000  12.5000   8.6488   0.8687  -0.0713   0.0712   0.0695  -0.0010   0.0000   0.0020   0.0154
   171 -23.4000  12.5000   7.9949   0.8803  -0.0665   0.0722   0.0704  -0.0011   0.0000   0.0027   0.0149
   172 -23.4000  12.5000   7.2916   0.8633  -0.0629   0.0708   0.0691  -0.0012   0.0000   0.0032   0.0141
   173 -23.4000  12.5000   6.5435   0.8178  -0.0608   0.0671   0.0654  -0.0011   0.0000   0.0035   0.0128
   174 -23.4000  12.5000   5.7550   0.7463  -0.0602   0.0612   0.0597  -0.0011   0.0000   0.0037   0.0113
   175 -23.4000  12.5000   4.9309   0.6532  -0.0604   0.0536   0.0523  -0.0010   0.0000   0.0036   0.0095
   176 -23.4000  12.5000   4.0766   0.5448  -0.0598   0.0447   0.0436  -0.0008   0.0000   0.0033   0.0076
   177 -23.4000  12.5000   3.1970   0.4278  -0.0562   0.0351   0.0342  -0.0006   0.0000   0.0028   0.0058
   178 -23.4000  12.5000   2.2978   0.3067  -0.0494   0.0251   0.0245  -0.0004   0.0000   0.0021   0.0040
   179 -23.4000  12.5000   1.3843   0.1842  -0.0426   0.0151   0.0147  -0.0002   0.0000   0.0013   0.0023
   180 -23.4000  12.5000   0.4624   0.0614  -0.0388   0.0050   0.0049  -0.0001   0.0000   0.0005   0.0008
 ---------------------------------------------------------------
